fs:         48000Hz
B0:         85
B1:         733
block len:  4096
prefix len: 1024
chirp len:  16 x 4096
chirp frqs: 996.09375Hz -> 8589.84375Hz
LDPC:       802.16, 0.5, 54

num blocks: 208 + 1 known block
time:       25.0s
size:       16.7KB
efficiency: 0.11
byte-rate:  0.66kB/s